(kicad_pcb (version 20171130) (host pcbnew "(5.1.12)-1")

  (general
    (thickness 1.6)
    (drawings 79)
    (tracks 1594)
    (zones 0)
    (modules 145)
    (nets 110)
  )

  (page A4)
  (title_block
    (title "Driver CubeSat")
    (date 2022-01-09)
    (rev v.2.0)
    (company FIBO)
  )

  (layers
    (0 F.Cu signal)
    (1 "In1.Cu(GND)" power)
    (2 In2.Cu signal)
    (31 B.Cu power)
    (32 B.Adhes user)
    (33 F.Adhes user)
    (34 B.Paste user)
    (35 F.Paste user)
    (36 B.SilkS user)
    (37 F.SilkS user)
    (38 B.Mask user)
    (39 F.Mask user)
    (40 Dwgs.User user)
    (41 Cmts.User user hide)
    (42 Eco1.User user hide)
    (43 Eco2.User user hide)
    (44 Edge.Cuts user)
    (45 Margin user hide)
    (46 B.CrtYd user hide)
    (47 F.CrtYd user hide)
    (48 B.Fab user hide)
    (49 F.Fab user hide)
  )

  (setup
    (last_trace_width 0.381)
    (user_trace_width 0.2)
    (user_trace_width 0.254)
    (user_trace_width 0.381)
    (user_trace_width 0.508)
    (user_trace_width 0.762)
    (user_trace_width 1.524)
    (trace_clearance 0.2)
    (zone_clearance 0.508)
    (zone_45_only no)
    (trace_min 0.2)
    (via_size 0.8)
    (via_drill 0.4)
    (via_min_size 0.4)
    (via_min_drill 0.3)
    (user_via 0.6 0.3)
    (uvia_size 0.3)
    (uvia_drill 0.1)
    (uvias_allowed no)
    (uvia_min_size 0.2)
    (uvia_min_drill 0.1)
    (edge_width 0.05)
    (segment_width 0.2)
    (pcb_text_width 0.3)
    (pcb_text_size 1.5 1.5)
    (mod_edge_width 0.12)
    (mod_text_size 1 1)
    (mod_text_width 0.15)
    (pad_size 1.524 1.524)
    (pad_drill 0.762)
    (pad_to_mask_clearance 0)
    (aux_axis_origin 0 0)
    (visible_elements 7FFFFFFF)
    (pcbplotparams
      (layerselection 0x010fc_ffffffff)
      (usegerberextensions false)
      (usegerberattributes true)
      (usegerberadvancedattributes true)
      (creategerberjobfile true)
      (excludeedgelayer true)
      (linewidth 0.100000)
      (plotframeref false)
      (viasonmask false)
      (mode 1)
      (useauxorigin false)
      (hpglpennumber 1)
      (hpglpenspeed 20)
      (hpglpendiameter 15.000000)
      (psnegative false)
      (psa4output false)
      (plotreference true)
      (plotvalue true)
      (plotinvisibletext false)
      (padsonsilk false)
      (subtractmaskfromsilk false)
      (outputformat 1)
      (mirror false)
      (drillshape 1)
      (scaleselection 1)
      (outputdirectory ""))
  )

  (net 0 "")
  (net 1 GND)
  (net 2 "Net-(C2-Pad1)")
  (net 3 "Net-(C3-Pad2)")
  (net 4 "Net-(C4-Pad1)")
  (net 5 "Net-(C4-Pad2)")
  (net 6 "Net-(C5-Pad2)")
  (net 7 "Net-(C7-Pad1)")
  (net 8 "Net-(C8-Pad1)")
  (net 9 "Net-(C9-Pad1)")
  (net 10 "Net-(C10-Pad1)")
  (net 11 +3V3)
  (net 12 "Net-(C13-Pad2)")
  (net 13 "Net-(C13-Pad1)")
  (net 14 RsenseA_IN+)
  (net 15 RsenseA_IN-)
  (net 16 RsenseB_IN+)
  (net 17 RsenseB_IN-)
  (net 18 Rsense-)
  (net 19 Rsense+)
  (net 20 /Driver_MCF8316A/VBK)
  (net 21 "Net-(C19-Pad1)")
  (net 22 "Net-(C20-Pad1)")
  (net 23 "Net-(C22-Pad1)")
  (net 24 "Net-(C24-Pad1)")
  (net 25 "/Power Input & Filter/+12V_in")
  (net 26 GNDPWR)
  (net 27 +12P)
  (net 28 "Net-(D1-Pad2)")
  (net 29 "Net-(D2-Pad2)")
  (net 30 "Net-(D3-Pad1)")
  (net 31 "Net-(D4-Pad1)")
  (net 32 "Net-(D5-Pad1)")
  (net 33 "Net-(D6-Pad1)")
  (net 34 /sda_power1)
  (net 35 "Net-(IC2-Pad5)")
  (net 36 /SDA_Buspro)
  (net 37 "Net-(IC2-Pad2)")
  (net 38 /SCL_Buspro)
  (net 39 "Net-(IC3-Pad2)")
  (net 40 /scl_power1)
  (net 41 "Net-(IC3-Pad5)")
  (net 42 "Net-(IC4-Pad2)")
  (net 43 /sda_power2)
  (net 44 "Net-(IC4-Pad5)")
  (net 45 /scl_power2)
  (net 46 "Net-(IC5-Pad5)")
  (net 47 "Net-(IC5-Pad2)")
  (net 48 /AL_INA238_2)
  (net 49 /AL_INA238_1)
  (net 50 /ToADC_Sense1)
  (net 51 /ToADC_Sense2)
  (net 52 "Net-(IC9-Pad5)")
  (net 53 /Driver_MCF8316A/D1_A)
  (net 54 /Driver_MCF8316A/D1_B)
  (net 55 /Driver_MCF8316A/D1_C)
  (net 56 /D1_DRVOFF)
  (net 57 "Net-(IC9-Pad22)")
  (net 58 /D1_SPEED)
  (net 59 D1_FG)
  (net 60 /SDA_D1)
  (net 61 /SCL_D1)
  (net 62 D1_EXT_WD)
  (net 63 D1_EXT_CLK)
  (net 64 /D1_DIR)
  (net 65 /D1_BREAK)
  (net 66 D1_SOX)
  (net 67 D1_X1)
  (net 68 D1_X2)
  (net 69 D1_Alarm1)
  (net 70 D1_Alarm2)
  (net 71 /D2_SPEED)
  (net 72 /D2_DIR)
  (net 73 /12V)
  (net 74 /SDA_D2)
  (net 75 /SCL_D2)
  (net 76 /Driver_DRV10975/W)
  (net 77 /Driver_DRV10975/V)
  (net 78 /Driver_DRV10975/U)
  (net 79 /Driver_DRV10975/D2_FG)
  (net 80 /Power_Monitoring/12v_Power)
  (net 81 "Net-(J5-Pad1)")
  (net 82 "Net-(J6-Pad3)")
  (net 83 "Net-(J7-Pad3)")
  (net 84 "Net-(IC1-Pad4)")
  (net 85 "Net-(Q1-Pad5)")
  (net 86 "Net-(Q2-Pad5)")
  (net 87 "Net-(Q3-Pad5)")
  (net 88 "Net-(Q4-Pad5)")
  (net 89 /Driver_DRV10975/D2_SCL_I)
  (net 90 /Driver_DRV10975/D2_SDA_I)
  (net 91 /Driver_DRV10975/D2_SPEED_I)
  (net 92 /Driver_DRV10975/D2_DIR_I)
  (net 93 "Net-(C1-Pad2)")
  (net 94 /12V_D2)
  (net 95 /12V_D1)
  (net 96 "Net-(C22-Pad2)")
  (net 97 /Driver_MCF8316A/AVDD)
  (net 98 "Net-(C25-Pad1)")
  (net 99 "Net-(J6-Pad1)")
  (net 100 "Net-(J7-Pad1)")
  (net 101 "Net-(J3-Pad4)")
  (net 102 "Net-(J3-Pad3)")
  (net 103 "Net-(J3-Pad2)")
  (net 104 "Net-(J3-Pad1)")
  (net 105 "Net-(J11-Pad1)")
  (net 106 "Net-(J11-Pad2)")
  (net 107 "Net-(J11-Pad3)")
  (net 108 "Net-(J11-Pad4)")
  (net 109 +5VA)

  (net_class Default "This is the default net class."
    (clearance 0.2)
    (trace_width 0.25)
    (via_dia 0.8)
    (via_drill 0.4)
    (uvia_dia 0.3)
    (uvia_drill 0.1)
    (add_net +12P)
    (add_net +3V3)
    (add_net +5VA)
    (add_net /12V)
    (add_net /12V_D1)
    (add_net /12V_D2)
    (add_net /AL_INA238_1)
    (add_net /AL_INA238_2)
    (add_net /D1_BREAK)
    (add_net /D1_DIR)
    (add_net /D1_DRVOFF)
    (add_net /D1_SPEED)
    (add_net /D2_DIR)
    (add_net /D2_SPEED)
    (add_net /Driver_DRV10975/D2_DIR_I)
    (add_net /Driver_DRV10975/D2_FG)
    (add_net /Driver_DRV10975/D2_SCL_I)
    (add_net /Driver_DRV10975/D2_SDA_I)
    (add_net /Driver_DRV10975/D2_SPEED_I)
    (add_net /Driver_DRV10975/U)
    (add_net /Driver_DRV10975/V)
    (add_net /Driver_DRV10975/W)
    (add_net /Driver_MCF8316A/AVDD)
    (add_net /Driver_MCF8316A/D1_A)
    (add_net /Driver_MCF8316A/D1_B)
    (add_net /Driver_MCF8316A/D1_C)
    (add_net /Driver_MCF8316A/VBK)
    (add_net "/Power Input & Filter/+12V_in")
    (add_net /Power_Monitoring/12v_Power)
    (add_net /SCL_Buspro)
    (add_net /SCL_D1)
    (add_net /SCL_D2)
    (add_net /SDA_Buspro)
    (add_net /SDA_D1)
    (add_net /SDA_D2)
    (add_net /ToADC_Sense1)
    (add_net /ToADC_Sense2)
    (add_net /scl_power1)
    (add_net /scl_power2)
    (add_net /sda_power1)
    (add_net /sda_power2)
    (add_net D1_Alarm1)
    (add_net D1_Alarm2)
    (add_net D1_EXT_CLK)
    (add_net D1_EXT_WD)
    (add_net D1_FG)
    (add_net D1_SOX)
    (add_net D1_X1)
    (add_net D1_X2)
    (add_net GND)
    (add_net GNDPWR)
    (add_net "Net-(C1-Pad2)")
    (add_net "Net-(C10-Pad1)")
    (add_net "Net-(C13-Pad1)")
    (add_net "Net-(C13-Pad2)")
    (add_net "Net-(C19-Pad1)")
    (add_net "Net-(C2-Pad1)")
    (add_net "Net-(C20-Pad1)")
    (add_net "Net-(C22-Pad1)")
    (add_net "Net-(C22-Pad2)")
    (add_net "Net-(C24-Pad1)")
    (add_net "Net-(C25-Pad1)")
    (add_net "Net-(C3-Pad2)")
    (add_net "Net-(C4-Pad1)")
    (add_net "Net-(C4-Pad2)")
    (add_net "Net-(C5-Pad2)")
    (add_net "Net-(C7-Pad1)")
    (add_net "Net-(C8-Pad1)")
    (add_net "Net-(C9-Pad1)")
    (add_net "Net-(D1-Pad2)")
    (add_net "Net-(D2-Pad2)")
    (add_net "Net-(D3-Pad1)")
    (add_net "Net-(D4-Pad1)")
    (add_net "Net-(D5-Pad1)")
    (add_net "Net-(D6-Pad1)")
    (add_net "Net-(IC1-Pad4)")
    (add_net "Net-(IC10-Pad10)")
    (add_net "Net-(IC10-Pad11)")
    (add_net "Net-(IC10-Pad14)")
    (add_net "Net-(IC10-Pad15)")
    (add_net "Net-(IC10-Pad16)")
    (add_net "Net-(IC10-Pad17)")
    (add_net "Net-(IC10-Pad18)")
    (add_net "Net-(IC10-Pad19)")
    (add_net "Net-(IC10-Pad20)")
    (add_net "Net-(IC10-Pad21)")
    (add_net "Net-(IC10-Pad22)")
    (add_net "Net-(IC10-Pad23)")
    (add_net "Net-(IC10-Pad24)")
    (add_net "Net-(IC10-Pad25)")
    (add_net "Net-(IC10-Pad26)")
    (add_net "Net-(IC10-Pad27)")
    (add_net "Net-(IC10-Pad28)")
    (add_net "Net-(IC10-Pad4)")
    (add_net "Net-(IC10-Pad5)")
    (add_net "Net-(IC10-Pad6)")
    (add_net "Net-(IC10-Pad7)")
    (add_net "Net-(IC10-Pad8)")
    (add_net "Net-(IC10-Pad9)")
    (add_net "Net-(IC2-Pad2)")
    (add_net "Net-(IC2-Pad5)")
    (add_net "Net-(IC3-Pad2)")
    (add_net "Net-(IC3-Pad5)")
    (add_net "Net-(IC4-Pad2)")
    (add_net "Net-(IC4-Pad5)")
    (add_net "Net-(IC5-Pad2)")
    (add_net "Net-(IC5-Pad5)")
    (add_net "Net-(IC9-Pad22)")
    (add_net "Net-(IC9-Pad5)")
    (add_net "Net-(J11-Pad1)")
    (add_net "Net-(J11-Pad2)")
    (add_net "Net-(J11-Pad3)")
    (add_net "Net-(J11-Pad4)")
    (add_net "Net-(J3-Pad1)")
    (add_net "Net-(J3-Pad2)")
    (add_net "Net-(J3-Pad3)")
    (add_net "Net-(J3-Pad4)")
    (add_net "Net-(J5-Pad1)")
    (add_net "Net-(J6-Pad1)")
    (add_net "Net-(J6-Pad3)")
    (add_net "Net-(J7-Pad1)")
    (add_net "Net-(J7-Pad3)")
    (add_net "Net-(Q1-Pad5)")
    (add_net "Net-(Q2-Pad5)")
    (add_net "Net-(Q3-Pad5)")
    (add_net "Net-(Q4-Pad5)")
    (add_net Rsense+)
    (add_net Rsense-)
    (add_net RsenseA_IN+)
    (add_net RsenseA_IN-)
    (add_net RsenseB_IN+)
    (add_net RsenseB_IN-)
  )

  (module SamacSys_Parts:SOP65P640X120-25N (layer F.Cu) (tedit 61BAFBED) (tstamp 61C988FE)
    (at 179.3 101.9)
    (descr "PWP (R-PDSO-G24)_2")
    (tags "Integrated Circuit")
    (path /61CA50D9/61CA5364)
    (attr smd)
    (fp_text reference IC1 (at -2.8 -5) (layer F.SilkS)
      (effects (font (size 0.77 0.77) (thickness 0.127)))
    )
    (fp_text value DRV10975ZPWPR (at 0 0) (layer F.Fab) hide
      (effects (font (size 1.27 1.27) (thickness 0.254)))
    )
    (fp_line (start -3.925 -4.2) (end 3.925 -4.2) (layer Dwgs.User) (width 0.05))
    (fp_line (start 3.925 -4.2) (end 3.925 4.2) (layer Dwgs.User) (width 0.05))
    (fp_line (start 3.925 4.2) (end -3.925 4.2) (layer Dwgs.User) (width 0.05))
    (fp_line (start -3.925 4.2) (end -3.925 -4.2) (layer Dwgs.User) (width 0.05))
    (fp_line (start -2.2 -3.9) (end 2.2 -3.9) (layer Dwgs.User) (width 0.1))
    (fp_line (start 2.2 -3.9) (end 2.2 3.9) (layer Dwgs.User) (width 0.1))
    (fp_line (start 2.2 3.9) (end -2.2 3.9) (layer Dwgs.User) (width 0.1))
    (fp_line (start -2.2 3.9) (end -2.2 -3.9) (layer Dwgs.User) (width 0.1))
    (fp_line (start -2.2 -3.25) (end -1.55 -3.9) (layer Dwgs.User) (width 0.1))
    (fp_line (start -3.675 -4.15) (end -2.2 -4.15) (layer F.SilkS) (width 0.2))
    (pad 1 smd rect (at -2.938 -3.575 90) (size 0.45 1.475) (layers F.Cu F.Paste F.Mask)
      (net 6 "Net-(C5-Pad2)"))
    (pad 2 smd rect (at -2.938 -2.925 90) (size 0.45 1.475) (layers F.Cu F.Paste F.Mask)
      (net 4 "Net-(C4-Pad1)"))
    (pad 3 smd rect (at -2.938 -2.275 90) (size 0.45 1.475) (layers F.Cu F.Paste F.Mask)
      (net 5 "Net-(C4-Pad2)"))
    (pad 4 smd rect (at -2.938 -1.625 90) (size 0.45 1.475) (layers F.Cu F.Paste F.Mask)
      (net 84 "Net-(IC1-Pad4)"))
    (pad 5 smd rect (at -2.938 -0.975 90) (size 0.45 1.475) (layers F.Cu F.Paste F.Mask)
      (net 1 GND))
    (pad 6 smd rect (at -2.938 -0.325 90) (size 0.45 1.475) (layers F.Cu F.Paste F.Mask)
      (net 93 "Net-(C1-Pad2)"))
    (pad 7 smd rect (at -2.938 0.325 90) (size 0.45 1.475) (layers F.Cu F.Paste F.Mask)
      (net 2 "Net-(C2-Pad1)"))
    (pad 8 smd rect (at -2.938 0.975 90) (size 0.45 1.475) (layers F.Cu F.Paste F.Mask)
      (net 1 GND))
    (pad 9 smd rect (at -2.938 1.625 90) (size 0.45 1.475) (layers F.Cu F.Paste F.Mask)
      (net 3 "Net-(C3-Pad2)"))
    (pad 10 smd rect (at -2.938 2.275 90) (size 0.45 1.475) (layers F.Cu F.Paste F.Mask)
      (net 89 /Driver_DRV10975/D2_SCL_I))
    (pad 11 smd rect (at -2.938 2.925 90) (size 0.45 1.475) (layers F.Cu F.Paste F.Mask)
      (net 90 /Driver_DRV10975/D2_SDA_I))
    (pad 12 smd rect (at -2.938 3.575 90) (size 0.45 1.475) (layers F.Cu F.Paste F.Mask)
      (net 79 /Driver_DRV10975/D2_FG))
    (pad 13 smd rect (at 2.938 3.575 90) (size 0.45 1.475) (layers F.Cu F.Paste F.Mask)
      (net 91 /Driver_DRV10975/D2_SPEED_I))
    (pad 14 smd rect (at 2.938 2.925 90) (size 0.45 1.475) (layers F.Cu F.Paste F.Mask)
      (net 92 /Driver_DRV10975/D2_DIR_I))
    (pad 15 smd rect (at 2.938 2.275 90) (size 0.45 1.475) (layers F.Cu F.Paste F.Mask)
      (net 26 GNDPWR))
    (pad 16 smd rect (at 2.938 1.625 90) (size 0.45 1.475) (layers F.Cu F.Paste F.Mask)
      (net 26 GNDPWR))
    (pad 17 smd rect (at 2.938 0.975 90) (size 0.45 1.475) (layers F.Cu F.Paste F.Mask)
      (net 78 /Driver_DRV10975/U))
    (pad 18 smd rect (at 2.938 0.325 90) (size 0.45 1.475) (layers F.Cu F.Paste F.Mask)
      (net 78 /Driver_DRV10975/U))
    (pad 19 smd rect (at 2.938 -0.325 90) (size 0.45 1.475) (layers F.Cu F.Paste F.Mask)
      (net 77 /Driver_DRV10975/V))
    (pad 20 smd rect (at 2.938 -0.975 90) (size 0.45 1.475) (layers F.Cu F.Paste F.Mask)
      (net 77 /Driver_DRV10975/V))
    (pad 21 smd rect (at 2.938 -1.625 90) (size 0.45 1.475) (layers F.Cu F.Paste F.Mask)
      (net 76 /Driver_DRV10975/W))
    (pad 22 smd rect (at 2.938 -2.275 90) (size 0.45 1.475) (layers F.Cu F.Paste F.Mask)
      (net 76 /Driver_DRV10975/W))
    (pad 23 smd rect (at 2.938 -2.925 90) (size 0.45 1.475) (layers F.Cu F.Paste F.Mask)
      (net 94 /12V_D2))
    (pad 24 smd rect (at 2.938 -3.575 90) (size 0.45 1.475) (layers F.Cu F.Paste F.Mask)
      (net 94 /12V_D2))
    (pad 25 smd rect (at 0 0) (size 2.4 5.16) (layers F.Cu F.Paste F.Mask)
      (net 26 GNDPWR))
  )

  (module Connector_PinHeader_2.54mm:PinHeader_1x04_P2.54mm_Vertical (layer F.Cu) (tedit 59FED5CC) (tstamp 61DC0CFC)
    (at 164.6 111.9 90)
    (descr "Through hole straight pin header, 1x04, 2.54mm pitch, single row")
    (tags "Through hole pin header THT 1x04 2.54mm single row")
    (path /61CA50D9/61E8CED9)
    (fp_text reference J8 (at 0 -2.33 90) (layer F.CrtYd)
      (effects (font (size 1 1) (thickness 0.15)))
    )
    (fp_text value "Pin Header 4p" (at 0 9.95 90) (layer F.Fab)
      (effects (font (size 1 1) (thickness 0.15)))
    )
    (fp_line (start 1.8 -1.8) (end -1.8 -1.8) (layer F.CrtYd) (width 0.05))
    (fp_line (start 1.8 9.4) (end 1.8 -1.8) (layer F.CrtYd) (width 0.05))
    (fp_line (start -1.8 9.4) (end 1.8 9.4) (layer F.CrtYd) (width 0.05))
    (fp_line (start -1.8 -1.8) (end -1.8 9.4) (layer F.CrtYd) (width 0.05))
    (fp_line (start -1.33 -1.33) (end 0 -1.33) (layer F.SilkS) (width 0.12))
    (fp_line (start -1.33 0) (end -1.33 -1.33) (layer F.SilkS) (width 0.12))
    (fp_line (start -1.33 1.27) (end 1.33 1.27) (layer F.SilkS) (width 0.12))
    (fp_line (start 1.33 1.27) (end 1.33 8.95) (layer F.SilkS) (width 0.12))
    (fp_line (start -1.33 1.27) (end -1.33 8.95) (layer F.SilkS) (width 0.12))
    (fp_line (start -1.33 8.95) (end 1.33 8.95) (layer F.SilkS) (width 0.12))
    (fp_line (start -1.27 -0.635) (end -0.635 -1.27) (layer F.Fab) (width 0.1))
    (fp_line (start -1.27 8.89) (end -1.27 -0.635) (layer F.Fab) (width 0.1))
    (fp_line (start 1.27 8.89) (end -1.27 8.89) (layer F.Fab) (width 0.1))
    (fp_line (start 1.27 -1.27) (end 1.27 8.89) (layer F.Fab) (width 0.1))
    (fp_line (start -0.635 -1.27) (end 1.27 -1.27) (layer F.Fab) (width 0.1))
    (fp_text user %R (at 0 3.81) (layer F.Fab)
      (effects (font (size 1 1) (thickness 0.15)))
    )
    (pad 4 thru_hole oval (at 0 7.62 90) (size 1.7 1.7) (drill 1) (layers *.Cu *.Mask)
      (net 104 "Net-(J3-Pad1)"))
    (pad 3 thru_hole oval (at 0 5.08 90) (size 1.7 1.7) (drill 1) (layers *.Cu *.Mask)
      (net 103 "Net-(J3-Pad2)"))
    (pad 2 thru_hole oval (at 0 2.54 90) (size 1.7 1.7) (drill 1) (layers *.Cu *.Mask)
      (net 102 "Net-(J3-Pad3)"))
    (pad 1 thru_hole rect (at 0 0 90) (size 1.7 1.7) (drill 1) (layers *.Cu *.Mask)
      (net 101 "Net-(J3-Pad4)"))
    (model ${KISYS3DMOD}/Connector_PinHeader_2.54mm.3dshapes/PinHeader_1x04_P2.54mm_Vertical.wrl
      (at (xyz 0 0 0))
      (scale (xyz 1 1 1))
      (rotate (xyz 0 0 0))
    )
  )

  (module Capacitor_SMD:C_0603_1608Metric_Pad1.08x0.95mm_HandSolder (layer F.Cu) (tedit 5F68FEEF) (tstamp 61C94965)
    (at 171.7 102.15 180)
    (descr "Capacitor SMD 0603 (1608 Metric), square (rectangular) end terminal, IPC_7351 nominal with elongated pad for handsoldering. (Body size source: IPC-SM-782 page 76, https://www.pcb-3d.com/wordpress/wp-content/uploads/ipc-sm-782a_amendment_1_and_2.pdf), generated with kicad-footprint-generator")
    (tags "capacitor handsolder")
    (path /61CA50D9/61CBE913)
    (attr smd)
    (fp_text reference C2 (at 2.5 0) (layer F.SilkS)
      (effects (font (size 0.77 0.77) (thickness 0.127)))
    )
    (fp_text value 0.1uF (at 0 1.43) (layer F.Fab)
      (effects (font (size 1 1) (thickness 0.15)))
    )
    (fp_line (start -0.8 0.4) (end -0.8 -0.4) (layer F.Fab) (width 0.1))
    (fp_line (start -0.8 -0.4) (end 0.8 -0.4) (layer F.Fab) (width 0.1))
    (fp_line (start 0.8 -0.4) (end 0.8 0.4) (layer F.Fab) (width 0.1))
    (fp_line (start 0.8 0.4) (end -0.8 0.4) (layer F.Fab) (width 0.1))
    (fp_line (start -0.146267 -0.51) (end 0.146267 -0.51) (layer F.SilkS) (width 0.12))
    (fp_line (start -0.146267 0.51) (end 0.146267 0.51) (layer F.SilkS) (width 0.12))
    (fp_line (start -1.65 0.73) (end -1.65 -0.73) (layer F.CrtYd) (width 0.05))
    (fp_line (start -1.65 -0.73) (end 1.65 -0.73) (layer F.CrtYd) (width 0.05))
    (fp_line (start 1.65 -0.73) (end 1.65 0.73) (layer F.CrtYd) (width 0.05))
    (fp_line (start 1.65 0.73) (end -1.65 0.73) (layer F.CrtYd) (width 0.05))
    (fp_text user %R (at 0 0) (layer F.Fab)
      (effects (font (size 0.4 0.4) (thickness 0.06)))
    )
    (pad 1 smd roundrect (at -0.8625 0 180) (size 1.075 0.95) (layers F.Cu F.Paste F.Mask) (roundrect_rratio 0.25)
      (net 2 "Net-(C2-Pad1)"))
    (pad 2 smd roundrect (at 0.8625 0 180) (size 1.075 0.95) (layers F.Cu F.Paste F.Mask) (roundrect_rratio 0.25)
      (net 1 GND))
    (model ${KISYS3DMOD}/Capacitor_SMD.3dshapes/C_0603_1608Metric.wrl
      (at (xyz 0 0 0))
      (scale (xyz 1 1 1))
      (rotate (xyz 0 0 0))
    )
  )

  (module Capacitor_SMD:C_0603_1608Metric_Pad1.08x0.95mm_HandSolder (layer F.Cu) (tedit 5F68FEEF) (tstamp 61C94976)
    (at 171.7 103.65)
    (descr "Capacitor SMD 0603 (1608 Metric), square (rectangular) end terminal, IPC_7351 nominal with elongated pad for handsoldering. (Body size source: IPC-SM-782 page 76, https://www.pcb-3d.com/wordpress/wp-content/uploads/ipc-sm-782a_amendment_1_and_2.pdf), generated with kicad-footprint-generator")
    (tags "capacitor handsolder")
    (path /61CA50D9/61CC08EA)
    (attr smd)
    (fp_text reference C3 (at -2.5 0) (layer F.SilkS)
      (effects (font (size 0.77 0.77) (thickness 0.127)))
    )
    (fp_text value 0.1uF (at 0 1.43) (layer F.Fab)
      (effects (font (size 1 1) (thickness 0.15)))
    )
    (fp_line (start 1.65 0.73) (end -1.65 0.73) (layer F.CrtYd) (width 0.05))
    (fp_line (start 1.65 -0.73) (end 1.65 0.73) (layer F.CrtYd) (width 0.05))
    (fp_line (start -1.65 -0.73) (end 1.65 -0.73) (layer F.CrtYd) (width 0.05))
    (fp_line (start -1.65 0.73) (end -1.65 -0.73) (layer F.CrtYd) (width 0.05))
    (fp_line (start -0.146267 0.51) (end 0.146267 0.51) (layer F.SilkS) (width 0.12))
    (fp_line (start -0.146267 -0.51) (end 0.146267 -0.51) (layer F.SilkS) (width 0.12))
    (fp_line (start 0.8 0.4) (end -0.8 0.4) (layer F.Fab) (width 0.1))
    (fp_line (start 0.8 -0.4) (end 0.8 0.4) (layer F.Fab) (width 0.1))
    (fp_line (start -0.8 -0.4) (end 0.8 -0.4) (layer F.Fab) (width 0.1))
    (fp_line (start -0.8 0.4) (end -0.8 -0.4) (layer F.Fab) (width 0.1))
    (fp_text user %R (at 0 0) (layer F.Fab)
      (effects (font (size 0.4 0.4) (thickness 0.06)))
    )
    (pad 2 smd roundrect (at 0.8625 0) (size 1.075 0.95) (layers F.Cu F.Paste F.Mask) (roundrect_rratio 0.25)
      (net 3 "Net-(C3-Pad2)"))
    (pad 1 smd roundrect (at -0.8625 0) (size 1.075 0.95) (layers F.Cu F.Paste F.Mask) (roundrect_rratio 0.25)
      (net 1 GND))
    (model ${KISYS3DMOD}/Capacitor_SMD.3dshapes/C_0603_1608Metric.wrl
      (at (xyz 0 0 0))
      (scale (xyz 1 1 1))
      (rotate (xyz 0 0 0))
    )
  )

  (module Capacitor_SMD:C_0603_1608Metric_Pad1.08x0.95mm_HandSolder (layer F.Cu) (tedit 5F68FEEF) (tstamp 61C94987)
    (at 172.6 97 270)
    (descr "Capacitor SMD 0603 (1608 Metric), square (rectangular) end terminal, IPC_7351 nominal with elongated pad for handsoldering. (Body size source: IPC-SM-782 page 76, https://www.pcb-3d.com/wordpress/wp-content/uploads/ipc-sm-782a_amendment_1_and_2.pdf), generated with kicad-footprint-generator")
    (tags "capacitor handsolder")
    (path /61CA50D9/61CB2A4C)
    (attr smd)
    (fp_text reference C4 (at -2.1 0 180) (layer F.SilkS)
      (effects (font (size 0.77 0.77) (thickness 0.127)))
    )
    (fp_text value 0.1uF (at 0 1.43 90) (layer F.Fab)
      (effects (font (size 1 1) (thickness 0.15)))
    )
    (fp_line (start -0.8 0.4) (end -0.8 -0.4) (layer F.Fab) (width 0.1))
    (fp_line (start -0.8 -0.4) (end 0.8 -0.4) (layer F.Fab) (width 0.1))
    (fp_line (start 0.8 -0.4) (end 0.8 0.4) (layer F.Fab) (width 0.1))
    (fp_line (start 0.8 0.4) (end -0.8 0.4) (layer F.Fab) (width 0.1))
    (fp_line (start -0.146267 -0.51) (end 0.146267 -0.51) (layer F.SilkS) (width 0.12))
    (fp_line (start -0.146267 0.51) (end 0.146267 0.51) (layer F.SilkS) (width 0.12))
    (fp_line (start -1.65 0.73) (end -1.65 -0.73) (layer F.CrtYd) (width 0.05))
    (fp_line (start -1.65 -0.73) (end 1.65 -0.73) (layer F.CrtYd) (width 0.05))
    (fp_line (start 1.65 -0.73) (end 1.65 0.73) (layer F.CrtYd) (width 0.05))
    (fp_line (start 1.65 0.73) (end -1.65 0.73) (layer F.CrtYd) (width 0.05))
    (fp_text user %R (at 0 0 90) (layer F.Fab)
      (effects (font (size 0.4 0.4) (thickness 0.06)))
    )
    (pad 1 smd roundrect (at -0.8625 0 270) (size 1.075 0.95) (layers F.Cu F.Paste F.Mask) (roundrect_rratio 0.25)
      (net 4 "Net-(C4-Pad1)"))
    (pad 2 smd roundrect (at 0.8625 0 270) (size 1.075 0.95) (layers F.Cu F.Paste F.Mask) (roundrect_rratio 0.25)
      (net 5 "Net-(C4-Pad2)"))
    (model ${KISYS3DMOD}/Capacitor_SMD.3dshapes/C_0603_1608Metric.wrl
      (at (xyz 0 0 0))
      (scale (xyz 1 1 1))
      (rotate (xyz 0 0 0))
    )
  )

  (module Capacitor_SMD:C_0603_1608Metric_Pad1.08x0.95mm_HandSolder (layer F.Cu) (tedit 5F68FEEF) (tstamp 61C94998)
    (at 177.2 94.9 180)
    (descr "Capacitor SMD 0603 (1608 Metric), square (rectangular) end terminal, IPC_7351 nominal with elongated pad for handsoldering. (Body size source: IPC-SM-782 page 76, https://www.pcb-3d.com/wordpress/wp-content/uploads/ipc-sm-782a_amendment_1_and_2.pdf), generated with kicad-footprint-generator")
    (tags "capacitor handsolder")
    (path /61CA50D9/61CB4F54)
    (attr smd)
    (fp_text reference C5 (at 0 1.2) (layer F.SilkS)
      (effects (font (size 0.77 0.77) (thickness 0.127)))
    )
    (fp_text value 0.1uF (at 0 1.43) (layer F.Fab)
      (effects (font (size 1 1) (thickness 0.15)))
    )
    (fp_line (start 1.65 0.73) (end -1.65 0.73) (layer F.CrtYd) (width 0.05))
    (fp_line (start 1.65 -0.73) (end 1.65 0.73) (layer F.CrtYd) (width 0.05))
    (fp_line (start -1.65 -0.73) (end 1.65 -0.73) (layer F.CrtYd) (width 0.05))
    (fp_line (start -1.65 0.73) (end -1.65 -0.73) (layer F.CrtYd) (width 0.05))
    (fp_line (start -0.146267 0.51) (end 0.146267 0.51) (layer F.SilkS) (width 0.12))
    (fp_line (start -0.146267 -0.51) (end 0.146267 -0.51) (layer F.SilkS) (width 0.12))
    (fp_line (start 0.8 0.4) (end -0.8 0.4) (layer F.Fab) (width 0.1))
    (fp_line (start 0.8 -0.4) (end 0.8 0.4) (layer F.Fab) (width 0.1))
    (fp_line (start -0.8 -0.4) (end 0.8 -0.4) (layer F.Fab) (width 0.1))
    (fp_line (start -0.8 0.4) (end -0.8 -0.4) (layer F.Fab) (width 0.1))
    (fp_text user %R (at 0 0) (layer F.Fab)
      (effects (font (size 0.4 0.4) (thickness 0.06)))
    )
    (pad 2 smd roundrect (at 0.8625 0 180) (size 1.075 0.95) (layers F.Cu F.Paste F.Mask) (roundrect_rratio 0.25)
      (net 6 "Net-(C5-Pad2)"))
    (pad 1 smd roundrect (at -0.8625 0 180) (size 1.075 0.95) (layers F.Cu F.Paste F.Mask) (roundrect_rratio 0.25)
      (net 94 /12V_D2))
    (model ${KISYS3DMOD}/Capacitor_SMD.3dshapes/C_0603_1608Metric.wrl
      (at (xyz 0 0 0))
      (scale (xyz 1 1 1))
      (rotate (xyz 0 0 0))
    )
  )

  (module Capacitor_SMD:CP_Elec_6.3x5.4_Nichicon (layer F.Cu) (tedit 5BCA39D0) (tstamp 61C949C0)
    (at 185.4 93.1)
    (descr "SMD capacitor, aluminum electrolytic, Nichicon, 6.3x5.4mm")
    (tags "capacitor electrolytic")
    (path /61CA50D9/61CA839E)
    (attr smd)
    (fp_text reference C6 (at 4.4 -1.7) (layer F.SilkS)
      (effects (font (size 0.77 0.77) (thickness 0.127)))
    )
    (fp_text value 100uF (at 0 4.35) (layer F.Fab)
      (effects (font (size 1 1) (thickness 0.15)))
    )
    (fp_line (start -4.7 1.05) (end -3.55 1.05) (layer F.CrtYd) (width 0.05))
    (fp_line (start -4.7 -1.05) (end -4.7 1.05) (layer F.CrtYd) (width 0.05))
    (fp_line (start -3.55 -1.05) (end -4.7 -1.05) (layer F.CrtYd) (width 0.05))
    (fp_line (start -3.55 1.05) (end -3.55 2.4) (layer F.CrtYd) (width 0.05))
    (fp_line (start -3.55 -2.4) (end -3.55 -1.05) (layer F.CrtYd) (width 0.05))
    (fp_line (start -3.55 -2.4) (end -2.4 -3.55) (layer F.CrtYd) (width 0.05))
    (fp_line (start -3.55 2.4) (end -2.4 3.55) (layer F.CrtYd) (width 0.05))
    (fp_line (start -2.4 -3.55) (end 3.55 -3.55) (layer F.CrtYd) (width 0.05))
    (fp_line (start -2.4 3.55) (end 3.55 3.55) (layer F.CrtYd) (width 0.05))
    (fp_line (start 3.55 1.05) (end 3.55 3.55) (layer F.CrtYd) (width 0.05))
    (fp_line (start 4.7 1.05) (end 3.55 1.05) (layer F.CrtYd) (width 0.05))
    (fp_line (start 4.7 -1.05) (end 4.7 1.05) (layer F.CrtYd) (width 0.05))
    (fp_line (start 3.55 -1.05) (end 4.7 -1.05) (layer F.CrtYd) (width 0.05))
    (fp_line (start 3.55 -3.55) (end 3.55 -1.05) (layer F.CrtYd) (width 0.05))
    (fp_line (start -4.04375 -2.24125) (end -4.04375 -1.45375) (layer F.SilkS) (width 0.12))
    (fp_line (start -4.4375 -1.8475) (end -3.65 -1.8475) (layer F.SilkS) (width 0.12))
    (fp_line (start -3.41 2.345563) (end -2.345563 3.41) (layer F.SilkS) (width 0.12))
    (fp_line (start -3.41 -2.345563) (end -2.345563 -3.41) (layer F.SilkS) (width 0.12))
    (fp_line (start -3.41 -2.345563) (end -3.41 -1.06) (layer F.SilkS) (width 0.12))
    (fp_line (start -3.41 2.345563) (end -3.41 1.06) (layer F.SilkS) (width 0.12))
    (fp_line (start -2.345563 3.41) (end 3.41 3.41) (layer F.SilkS) (width 0.12))
    (fp_line (start -2.345563 -3.41) (end 3.41 -3.41) (layer F.SilkS) (width 0.12))
    (fp_line (start 3.41 -3.41) (end 3.41 -1.06) (layer F.SilkS) (width 0.12))
    (fp_line (start 3.41 3.41) (end 3.41 1.06) (layer F.SilkS) (width 0.12))
    (fp_line (start -2.389838 -1.645) (end -2.389838 -1.015) (layer F.Fab) (width 0.1))
    (fp_line (start -2.704838 -1.33) (end -2.074838 -1.33) (layer F.Fab) (width 0.1))
    (fp_line (start -3.3 2.3) (end -2.3 3.3) (layer F.Fab) (width 0.1))
    (fp_line (start -3.3 -2.3) (end -2.3 -3.3) (layer F.Fab) (width 0.1))
    (fp_line (start -3.3 -2.3) (end -3.3 2.3) (layer F.Fab) (width 0.1))
    (fp_line (start -2.3 3.3) (end 3.3 3.3) (layer F.Fab) (width 0.1))
    (fp_line (start -2.3 -3.3) (end 3.3 -3.3) (layer F.Fab) (width 0.1))
    (fp_line (start 3.3 -3.3) (end 3.3 3.3) (layer F.Fab) (width 0.1))
    (fp_circle (center 0 0) (end 3.15 0) (layer F.Fab) (width 0.1))
    (fp_text user %R (at 0 0) (layer F.Fab)
      (effects (font (size 1 1) (thickness 0.15)))
    )
    (pad 2 smd roundrect (at 2.7 0) (size 3.5 1.6) (layers F.Cu F.Paste F.Mask) (roundrect_rratio 0.15625)
      (net 26 GNDPWR))
    (pad 1 smd roundrect (at -2.7 0) (size 3.5 1.6) (layers F.Cu F.Paste F.Mask) (roundrect_rratio 0.15625)
      (net 94 /12V_D2))
    (model ${KISYS3DMOD}/Capacitor_SMD.3dshapes/CP_Elec_6.3x5.4_Nichicon.wrl
      (at (xyz 0 0 0))
      (scale (xyz 1 1 1))
      (rotate (xyz 0 0 0))
    )
  )

  (module Capacitor_SMD:C_0603_1608Metric_Pad1.08x0.95mm_HandSolder (layer F.Cu) (tedit 5F68FEEF) (tstamp 61C949D1)
    (at 137.3 106.4)
    (descr "Capacitor SMD 0603 (1608 Metric), square (rectangular) end terminal, IPC_7351 nominal with elongated pad for handsoldering. (Body size source: IPC-SM-782 page 76, https://www.pcb-3d.com/wordpress/wp-content/uploads/ipc-sm-782a_amendment_1_and_2.pdf), generated with kicad-footprint-generator")
    (tags "capacitor handsolder")
    (path /61CE4997/61C1CAFA)
    (attr smd)
    (fp_text reference C7 (at -2.5 0) (layer F.CrtYd)
      (effects (font (size 1 1) (thickness 0.15)))
    )
    (fp_text value 10nF (at 0 1.43) (layer F.Fab)
      (effects (font (size 1 1) (thickness 0.15)))
    )
    (fp_line (start 1.65 0.73) (end -1.65 0.73) (layer F.CrtYd) (width 0.05))
    (fp_line (start 1.65 -0.73) (end 1.65 0.73) (layer F.CrtYd) (width 0.05))
    (fp_line (start -1.65 -0.73) (end 1.65 -0.73) (layer F.CrtYd) (width 0.05))
    (fp_line (start -1.65 0.73) (end -1.65 -0.73) (layer F.CrtYd) (width 0.05))
    (fp_line (start -0.146267 0.51) (end 0.146267 0.51) (layer F.SilkS) (width 0.12))
    (fp_line (start -0.146267 -0.51) (end 0.146267 -0.51) (layer F.SilkS) (width 0.12))
    (fp_line (start 0.8 0.4) (end -0.8 0.4) (layer F.Fab) (width 0.1))
    (fp_line (start 0.8 -0.4) (end 0.8 0.4) (layer F.Fab) (width 0.1))
    (fp_line (start -0.8 -0.4) (end 0.8 -0.4) (layer F.Fab) (width 0.1))
    (fp_line (start -0.8 0.4) (end -0.8 -0.4) (layer F.Fab) (width 0.1))
    (fp_text user %R (at 0 0) (layer F.Fab)
      (effects (font (size 0.4 0.4) (thickness 0.06)))
    )
    (pad 2 smd roundrect (at 0.8625 0) (size 1.075 0.95) (layers F.Cu F.Paste F.Mask) (roundrect_rratio 0.25)
      (net 1 GND))
    (pad 1 smd roundrect (at -0.8625 0) (size 1.075 0.95) (layers F.Cu F.Paste F.Mask) (roundrect_rratio 0.25)
      (net 7 "Net-(C7-Pad1)"))
    (model ${KISYS3DMOD}/Capacitor_SMD.3dshapes/C_0603_1608Metric.wrl
      (at (xyz 0 0 0))
      (scale (xyz 1 1 1))
      (rotate (xyz 0 0 0))
    )
  )

  (module Capacitor_SMD:C_0603_1608Metric_Pad1.08x0.95mm_HandSolder (layer F.Cu) (tedit 5F68FEEF) (tstamp 61C949E2)
    (at 137.3 117)
    (descr "Capacitor SMD 0603 (1608 Metric), square (rectangular) end terminal, IPC_7351 nominal with elongated pad for handsoldering. (Body size source: IPC-SM-782 page 76, https://www.pcb-3d.com/wordpress/wp-content/uploads/ipc-sm-782a_amendment_1_and_2.pdf), generated with kicad-footprint-generator")
    (tags "capacitor handsolder")
    (path /61CE4997/61C2EECA)
    (attr smd)
    (fp_text reference C8 (at -2.5 0) (layer F.CrtYd)
      (effects (font (size 1 1) (thickness 0.15)))
    )
    (fp_text value 10nF (at 0 1.43) (layer F.Fab)
      (effects (font (size 1 1) (thickness 0.15)))
    )
    (fp_line (start -0.8 0.4) (end -0.8 -0.4) (layer F.Fab) (width 0.1))
    (fp_line (start -0.8 -0.4) (end 0.8 -0.4) (layer F.Fab) (width 0.1))
    (fp_line (start 0.8 -0.4) (end 0.8 0.4) (layer F.Fab) (width 0.1))
    (fp_line (start 0.8 0.4) (end -0.8 0.4) (layer F.Fab) (width 0.1))
    (fp_line (start -0.146267 -0.51) (end 0.146267 -0.51) (layer F.SilkS) (width 0.12))
    (fp_line (start -0.146267 0.51) (end 0.146267 0.51) (layer F.SilkS) (width 0.12))
    (fp_line (start -1.65 0.73) (end -1.65 -0.73) (layer F.CrtYd) (width 0.05))
    (fp_line (start -1.65 -0.73) (end 1.65 -0.73) (layer F.CrtYd) (width 0.05))
    (fp_line (start 1.65 -0.73) (end 1.65 0.73) (layer F.CrtYd) (width 0.05))
    (fp_line (start 1.65 0.73) (end -1.65 0.73) (layer F.CrtYd) (width 0.05))
    (fp_text user %R (at 0 0) (layer F.Fab)
      (effects (font (size 0.4 0.4) (thickness 0.06)))
    )
    (pad 1 smd roundrect (at -0.8625 0) (size 1.075 0.95) (layers F.Cu F.Paste F.Mask) (roundrect_rratio 0.25)
      (net 8 "Net-(C8-Pad1)"))
    (pad 2 smd roundrect (at 0.8625 0) (size 1.075 0.95) (layers F.Cu F.Paste F.Mask) (roundrect_rratio 0.25)
      (net 1 GND))
    (model ${KISYS3DMOD}/Capacitor_SMD.3dshapes/C_0603_1608Metric.wrl
      (at (xyz 0 0 0))
      (scale (xyz 1 1 1))
      (rotate (xyz 0 0 0))
    )
  )

  (module Capacitor_SMD:C_0603_1608Metric_Pad1.08x0.95mm_HandSolder (layer F.Cu) (tedit 5F68FEEF) (tstamp 61C949F3)
    (at 146.4 106.65)
    (descr "Capacitor SMD 0603 (1608 Metric), square (rectangular) end terminal, IPC_7351 nominal with elongated pad for handsoldering. (Body size source: IPC-SM-782 page 76, https://www.pcb-3d.com/wordpress/wp-content/uploads/ipc-sm-782a_amendment_1_and_2.pdf), generated with kicad-footprint-generator")
    (tags "capacitor handsolder")
    (path /61CE4997/61C6BCDA)
    (attr smd)
    (fp_text reference C9 (at -2.5 0) (layer F.CrtYd)
      (effects (font (size 1 1) (thickness 0.15)))
    )
    (fp_text value 10nF (at 0 1.43) (layer F.Fab)
      (effects (font (size 1 1) (thickness 0.15)))
    )
    (fp_line (start -0.8 0.4) (end -0.8 -0.4) (layer F.Fab) (width 0.1))
    (fp_line (start -0.8 -0.4) (end 0.8 -0.4) (layer F.Fab) (width 0.1))
    (fp_line (start 0.8 -0.4) (end 0.8 0.4) (layer F.Fab) (width 0.1))
    (fp_line (start 0.8 0.4) (end -0.8 0.4) (layer F.Fab) (width 0.1))
    (fp_line (start -0.146267 -0.51) (end 0.146267 -0.51) (layer F.SilkS) (width 0.12))
    (fp_line (start -0.146267 0.51) (end 0.146267 0.51) (layer F.SilkS) (width 0.12))
    (fp_line (start -1.65 0.73) (end -1.65 -0.73) (layer F.CrtYd) (width 0.05))
    (fp_line (start -1.65 -0.73) (end 1.65 -0.73) (layer F.CrtYd) (width 0.05))
    (fp_line (start 1.65 -0.73) (end 1.65 0.73) (layer F.CrtYd) (width 0.05))
    (fp_line (start 1.65 0.73) (end -1.65 0.73) (layer F.CrtYd) (width 0.05))
    (fp_text user %R (at 0 0) (layer F.Fab)
      (effects (font (size 0.4 0.4) (thickness 0.06)))
    )
    (pad 1 smd roundrect (at -0.8625 0) (size 1.075 0.95) (layers F.Cu F.Paste F.Mask) (roundrect_rratio 0.25)
      (net 9 "Net-(C9-Pad1)"))
    (pad 2 smd roundrect (at 0.8625 0) (size 1.075 0.95) (layers F.Cu F.Paste F.Mask) (roundrect_rratio 0.25)
      (net 1 GND))
    (model ${KISYS3DMOD}/Capacitor_SMD.3dshapes/C_0603_1608Metric.wrl
      (at (xyz 0 0 0))
      (scale (xyz 1 1 1))
      (rotate (xyz 0 0 0))
    )
  )

  (module Capacitor_SMD:C_0603_1608Metric_Pad1.08x0.95mm_HandSolder (layer F.Cu) (tedit 5F68FEEF) (tstamp 61C94A04)
    (at 146.4 117)
    (descr "Capacitor SMD 0603 (1608 Metric), square (rectangular) end terminal, IPC_7351 nominal with elongated pad for handsoldering. (Body size source: IPC-SM-782 page 76, https://www.pcb-3d.com/wordpress/wp-content/uploads/ipc-sm-782a_amendment_1_and_2.pdf), generated with kicad-footprint-generator")
    (tags "capacitor handsolder")
    (path /61CE4997/61C6BD60)
    (attr smd)
    (fp_text reference C10 (at -3 0) (layer F.CrtYd)
      (effects (font (size 1 1) (thickness 0.15)))
    )
    (fp_text value 10nF (at 0 1.43) (layer F.Fab)
      (effects (font (size 1 1) (thickness 0.15)))
    )
    (fp_line (start -0.8 0.4) (end -0.8 -0.4) (layer F.Fab) (width 0.1))
    (fp_line (start -0.8 -0.4) (end 0.8 -0.4) (layer F.Fab) (width 0.1))
    (fp_line (start 0.8 -0.4) (end 0.8 0.4) (layer F.Fab) (width 0.1))
    (fp_line (start 0.8 0.4) (end -0.8 0.4) (layer F.Fab) (width 0.1))
    (fp_line (start -0.146267 -0.51) (end 0.146267 -0.51) (layer F.SilkS) (width 0.12))
    (fp_line (start -0.146267 0.51) (end 0.146267 0.51) (layer F.SilkS) (width 0.12))
    (fp_line (start -1.65 0.73) (end -1.65 -0.73) (layer F.CrtYd) (width 0.05))
    (fp_line (start -1.65 -0.73) (end 1.65 -0.73) (layer F.CrtYd) (width 0.05))
    (fp_line (start 1.65 -0.73) (end 1.65 0.73) (layer F.CrtYd) (width 0.05))
    (fp_line (start 1.65 0.73) (end -1.65 0.73) (layer F.CrtYd) (width 0.05))
    (fp_text user %R (at 0 0) (layer F.Fab)
      (effects (font (size 0.4 0.4) (thickness 0.06)))
    )
    (pad 1 smd roundrect (at -0.8625 0) (size 1.075 0.95) (layers F.Cu F.Paste F.Mask) (roundrect_rratio 0.25)
      (net 10 "Net-(C10-Pad1)"))
    (pad 2 smd roundrect (at 0.8625 0) (size 1.075 0.95) (layers F.Cu F.Paste F.Mask) (roundrect_rratio 0.25)
      (net 1 GND))
    (model ${KISYS3DMOD}/Capacitor_SMD.3dshapes/C_0603_1608Metric.wrl
      (at (xyz 0 0 0))
      (scale (xyz 1 1 1))
      (rotate (xyz 0 0 0))
    )
  )

  (module Capacitor_SMD:C_0603_1608Metric_Pad1.08x0.95mm_HandSolder (layer F.Cu) (tedit 5F68FEEF) (tstamp 61C94A15)
    (at 179.1 136.25)
    (descr "Capacitor SMD 0603 (1608 Metric), square (rectangular) end terminal, IPC_7351 nominal with elongated pad for handsoldering. (Body size source: IPC-SM-782 page 76, https://www.pcb-3d.com/wordpress/wp-content/uploads/ipc-sm-782a_amendment_1_and_2.pdf), generated with kicad-footprint-generator")
    (tags "capacitor handsolder")
    (path /61BB7DDA/61BE9817)
    (attr smd)
    (fp_text reference C11 (at 0 1.25) (layer F.Fab)
      (effects (font (size 1 1) (thickness 0.15)))
    )
    (fp_text value 0.1uF (at 0 1.43) (layer F.Fab)
      (effects (font (size 1 1) (thickness 0.15)))
    )
    (fp_line (start -0.8 0.4) (end -0.8 -0.4) (layer F.Fab) (width 0.1))
    (fp_line (start -0.8 -0.4) (end 0.8 -0.4) (layer F.Fab) (width 0.1))
    (fp_line (start 0.8 -0.4) (end 0.8 0.4) (layer F.Fab) (width 0.1))
    (fp_line (start 0.8 0.4) (end -0.8 0.4) (layer F.Fab) (width 0.1))
    (fp_line (start -0.146267 -0.51) (end 0.146267 -0.51) (layer F.SilkS) (width 0.12))
    (fp_line (start -0.146267 0.51) (end 0.146267 0.51) (layer F.SilkS) (width 0.12))
    (fp_line (start -1.65 0.73) (end -1.65 -0.73) (layer F.CrtYd) (width 0.05))
    (fp_line (start -1.65 -0.73) (end 1.65 -0.73) (layer F.CrtYd) (width 0.05))
    (fp_line (start 1.65 -0.73) (end 1.65 0.73) (layer F.CrtYd) (width 0.05))
    (fp_line (start 1.65 0.73) (end -1.65 0.73) (layer F.CrtYd) (width 0.05))
    (fp_text user %R (at 0 0) (layer F.Fab)
      (effects (font (size 0.4 0.4) (thickness 0.06)))
    )
    (pad 1 smd roundrect (at -0.8625 0) (size 1.075 0.95) (layers F.Cu F.Paste F.Mask) (roundrect_rratio 0.25)
      (net 11 +3V3))
    (pad 2 smd roundrect (at 0.8625 0) (size 1.075 0.95) (layers F.Cu F.Paste F.Mask) (roundrect_rratio 0.25)
      (net 1 GND))
    (model ${KISYS3DMOD}/Capacitor_SMD.3dshapes/C_0603_1608Metric.wrl
      (at (xyz 0 0 0))
      (scale (xyz 1 1 1))
      (rotate (xyz 0 0 0))
    )
  )

  (module Capacitor_SMD:C_0603_1608Metric_Pad1.08x0.95mm_HandSolder (layer F.Cu) (tedit 5F68FEEF) (tstamp 61C94A26)
    (at 179.1 127.45)
    (descr "Capacitor SMD 0603 (1608 Metric), square (rectangular) end terminal, IPC_7351 nominal with elongated pad for handsoldering. (Body size source: IPC-SM-782 page 76, https://www.pcb-3d.com/wordpress/wp-content/uploads/ipc-sm-782a_amendment_1_and_2.pdf), generated with kicad-footprint-generator")
    (tags "capacitor handsolder")
    (path /61BB7DDA/61BE63C1)
    (attr smd)
    (fp_text reference C12 (at 0 1.25) (layer F.Fab)
      (effects (font (size 1 1) (thickness 0.15)))
    )
    (fp_text value 0.1uF (at 0 1.43) (layer F.Fab)
      (effects (font (size 1 1) (thickness 0.15)))
    )
    (fp_line (start 1.65 0.73) (end -1.65 0.73) (layer F.CrtYd) (width 0.05))
    (fp_line (start 1.65 -0.73) (end 1.65 0.73) (layer F.CrtYd) (width 0.05))
    (fp_line (start -1.65 -0.73) (end 1.65 -0.73) (layer F.CrtYd) (width 0.05))
    (fp_line (start -1.65 0.73) (end -1.65 -0.73) (layer F.CrtYd) (width 0.05))
    (fp_line (start -0.146267 0.51) (end 0.146267 0.51) (layer F.SilkS) (width 0.12))
    (fp_line (start -0.146267 -0.51) (end 0.146267 -0.51) (layer F.SilkS) (width 0.12))
    (fp_line (start 0.8 0.4) (end -0.8 0.4) (layer F.Fab) (width 0.1))
    (fp_line (start 0.8 -0.4) (end 0.8 0.4) (layer F.Fab) (width 0.1))
    (fp_line (start -0.8 -0.4) (end 0.8 -0.4) (layer F.Fab) (width 0.1))
    (fp_line (start -0.8 0.4) (end -0.8 -0.4) (layer F.Fab) (width 0.1))
    (fp_text user %R (at 0 0) (layer F.Fab)
      (effects (font (size 0.4 0.4) (thickness 0.06)))
    )
    (pad 2 smd roundrect (at 0.8625 0) (size 1.075 0.95) (layers F.Cu F.Paste F.Mask) (roundrect_rratio 0.25)
      (net 1 GND))
